0 0 0 0 0 0 0 0 0 0 0 0 0 0 0 0 0 0 0 0 0 0 0 0 0 0 0 0 0 0 0 0 0 0 0 0 0 0 0 0 0 0 0 0 0 0 0 0 0 0 
.
0 1 0
.
1 0 2
.
1 2 0
.
2 3 0
.
3 4 0
.
4 5 0
.
5 6 0
.
6 7 0
.
7 8 0
.
8 9 0
.
9 10 0
.
10 11 0
.
11 12 0
.
12 13 0
.
13 14 0
.
14 15 0
.
15 16 0
.
16 17 0
.
17 18 0
.
18 19 0
.
19 20 0
.
20 21 0
.
21 22 0
.
22 23 0
.
23 24 0
.
24 25 0
.
25 26 0
.
26 27 0
.
27 28 0
.
28 29 0
.
29 30 0
.
30 31 0
.
31 32 0
.
32 33 0
.
33 34 0
.
34 35 0
.
35 36 0
.
36 37 0
.
37 38 0
.
38 39 0
.
39 40 0
.
40 41 0
.
41 42 0
.
42 43 0
.
43 44 0
.
44 45 0
.
45 46 0
.
46 47 0
.
47 48 0
.
48 49 0
.
49 50 0
.
50 51 0
.
51 52 0
.
52 53 0
.
53 54 0
.
54 55 0
.
55 56 0
.
56 57 0
.
57 58 0
.
58 59 0
.
59 60 0
.
60 61 0
.
61 62 0
.
62 63 0
.
63 64 0
.
64 65 0
.
65 66 0
.
66 67 0
.
67 68 0
.
68 69 0
.
69 1 0
.
.
-1 0 0 0 0 0 0 0 0 0 0 0 0 0 0 0 0 0 0 0 0 0 0 0 0 0 0 0 0 0 0 0 0 0 0 0 0 0 0 0 0 0 0 0 0 0 0 0 0 0 0 0 0 0 0 0 0 0 0 0 0 0 0 0 0 0 0 0 0 0 0 0 0 0 0 2 0 0 0 0 0 0 0 0 0 0 0 0 0 0 0 0 0 0 0 0 0 0 0 0 0 0 0 0 0 0 0 0 0 0 0 0 0 0 0 0 1 1 1 1 1 1 1 1 1 1 1 1 0 0 0 0 0 0 0 0 2 0 0 0 0 0 0 0 0 0 1 0 0 2 0 0 0 0 0 0 0 0 0 0 0 0 0 0 0 0 0 0 1 0 0 0 0 0 0 0 0 0 0 0 0 0 0 0 0 0 0 0 0 0 0 0 0 0 2 2 0 0 0 0 0 0 0 0 0 0 0 0 0 0 0 0 0 0 0 0 0 0 0 0 0 0 0 0 0 0 0 0 0 0 0 0 0 0 0 0 0 0 0 0 0 0 0 0 0 0 0 0 0 0 0 0 0 2 0 
.
0 0 0 0 0 0 0 0 0 0 0 0 0 0 0 0 1 0 0 0 0 0 0 1 0 0 0 0 0 0 0 0 0 0 0 0 0 0 0 0 0 0 0 0 0 0 0 0 0 0 
.
0 1 -2
.
1 2 0
.
2 3 0
.
3 4 0
.
4 5 0
.
5 6 0
.
6 7 0
.
7 8 0
.
8 9 0
.
9 10 0
.
10 11 0
.
11 12 0
.
12 13 0
.
13 14 0
.
14 15 0
.
15 16 0
.
16 17 0
.
17 18 0
.
18 19 0
.
19 20 0
.
20 21 0
.
21 22 0
.
22 23 0
.
23 24 0
.
24 25 0
.
25 26 0
.
26 27 0
.
27 28 0
.
28 29 0
.
29 30 0
.
30 31 0
.
31 32 0
.
32 33 0
.
33 34 0
.
34 35 0
.
35 36 0
.
36 37 0
.
37 38 0
.
38 39 0
.
39 40 0
.
40 41 0
.
41 42 0
.
42 43 0
.
43 44 0
.
44 45 2
.
45 46 -2
.
46 47 0
.
47 48 0
.
48 49 0
.
49 50 0
.
50 51 0
.
51 52 0
.
52 53 0
.
53 54 0
.
54 55 0
.
55 56 0
.
56 57 0
.
57 58 0
.
58 59 0
.
59 60 0
.
60 61 0
.
61 62 0
.
62 63 0
.
63 64 0
.
64 65 0
.
65 66 0
.
66 67 0
.
67 68 0
.
68 69 0
.
69 0 2
.
.
-1 0 0 0 0 0 0 0 0 0 0 0 0 0 1 0 0 0 0 0 0 0 0 0 0 0 0 0 0 0 0 0 0 0 0 0 0 0 0 0 0 0 0 0 0 0 0 0 0 0 0 0 0 0 0 0 0 0 0 0 0 0 0 0 0 0 0 0 0 0 0 0 0 0 0 2 0 0 0 0 0 0 0 0 0 0 0 0 0 0 0 0 0 0 0 0 0 0 0 0 0 0 0 0 0 0 0 0 0 0 0 0 0 0 0 0 1 1 1 1 1 1 1 1 1 1 1 1 0 0 0 0 0 0 0 0 2 0 0 0 0 0 0 0 0 0 1 0 0 2 0 0 0 0 0 0 0 0 0 0 0 0 0 0 0 0 0 0 1 0 0 0 0 0 0 0 0 0 0 0 4 3 0 0 1 2 2 2 2 2 2 2 2 2 2 2 0 0 0 0 0 0 0 0 0 0 0 0 0 0 0 0 0 0 0 0 0 0 0 0 0 0 0 0 0 0 0 0 0 0 0 0 0 0 0 0 0 0 0 0 0 0 0 0 0 0 0 0 0 0 0 0 0 2 0 
.
23 0 ; 16 0 ; .
0 0 0 0 0 0 0 0 0 0 0 0 0 0 0 0 1 0 0 0 0 0 0 2 0 0 0 0 0 0 0 0 0 0 0 0 0 0 0 0 0 0 0 0 0 0 0 0 0 0 
.
0 1 -2
.
1 2 0
.
2 3 0
.
3 4 0
.
4 5 0
.
5 6 0
.
6 7 0
.
7 8 0
.
8 9 0
.
9 10 0
.
10 11 0
.
11 12 0
.
12 13 0
.
13 14 0
.
14 15 0
.
15 16 0
.
16 17 0
.
17 18 0
.
18 19 0
.
19 20 0
.
20 21 0
.
21 22 0
.
22 23 0
.
23 24 0
.
24 25 0
.
25 26 0
.
26 27 0
.
27 28 0
.
28 29 0
.
29 30 0
.
30 31 0
.
31 32 0
.
32 33 0
.
33 34 0
.
34 35 0
.
35 36 0
.
36 37 0
.
37 38 0
.
38 39 0
.
39 40 0
.
40 41 0
.
41 42 0
.
42 43 0
.
43 44 0
.
44 45 2
.
45 46 -2
.
46 47 0
.
47 48 0
.
48 49 0
.
49 50 0
.
50 51 0
.
51 52 0
.
52 53 0
.
53 54 0
.
54 55 0
.
55 56 0
.
56 57 0
.
57 58 0
.
58 59 0
.
59 60 0
.
60 61 0
.
61 62 0
.
62 63 0
.
63 64 0
.
64 65 0
.
65 66 0
.
66 67 0
.
67 68 0
.
68 69 0
.
69 0 2
.
.
-1 0 0 0 0 0 0 0 0 0 0 0 0 0 1 0 0 0 0 0 0 0 0 0 0 0 0 0 0 0 0 0 0 0 0 0 0 0 0 0 0 0 0 0 0 0 0 0 0 0 0 0 0 0 0 0 0 0 0 0 0 0 0 0 0 0 0 0 0 0 0 0 0 0 0 2 0 0 0 0 0 0 0 0 0 0 0 0 0 0 0 0 0 0 0 0 0 0 0 0 0 0 0 0 0 0 0 0 0 0 0 0 0 0 0 0 1 1 1 1 1 1 1 1 1 1 1 1 0 0 0 0 0 0 0 0 2 0 0 0 0 0 0 0 0 0 1 0 0 2 0 0 0 0 0 0 0 0 0 0 0 0 0 0 0 0 0 0 1 0 0 0 0 0 0 0 0 0 0 0 4 3 0 0 1 2 2 2 2 2 2 2 2 2 2 2 0 0 0 0 0 0 0 0 0 0 0 0 0 0 0 0 0 0 0 0 0 0 0 0 0 0 0 0 0 0 0 0 0 0 0 0 0 0 0 0 0 0 0 0 0 0 0 0 0 0 0 0 0 0 0 0 0 2 0 
.
23 1 ; .
0 1 0 1 4 0 0 0 0 0 0 0 0 0 0 0 1 0 0 0 0 0 0 2 0 0 0 0 0 0 0 0 0 0 0 0 0 0 0 0 0 0 0 0 0 0 0 0 0 0 
.
0 1 -2
.
1 2 0
.
2 3 0
.
3 4 0
.
4 5 0
.
5 6 2
.
6 7 0
.
7 8 0
.
8 9 -2
.
9 10 0
.
10 11 0
.
11 12 0
.
12 13 0
.
13 14 0
.
14 15 0
.
15 16 0
.
16 17 0
.
17 18 0
.
18 19 0
.
19 20 0
.
20 21 0
.
21 22 0
.
22 23 0
.
23 24 0
.
24 25 0
.
25 26 0
.
26 27 0
.
27 28 0
.
28 29 0
.
29 30 0
.
30 31 0
.
31 32 0
.
32 33 0
.
33 34 0
.
34 35 0
.
35 36 0
.
36 37 0
.
37 38 0
.
38 39 0
.
39 40 0
.
40 41 0
.
41 42 0
.
42 43 0
.
43 44 0
.
44 45 2
.
45 46 -2
.
46 47 0
.
47 48 0
.
48 49 0
.
49 50 0
.
50 51 0
.
51 52 0
.
52 53 0
.
53 54 0
.
54 55 0
.
55 56 0
.
56 57 0
.
57 58 0
.
58 59 0
.
59 60 0
.
60 61 0
.
61 62 0
.
62 63 0
.
63 64 0
.
64 65 0
.
65 66 0
.
66 67 0
.
67 68 0
.
68 69 0
.
69 0 2
.
.
-1 0 0 0 0 0 0 0 0 0 0 0 0 0 1 0 0 0 0 0 0 0 0 0 0 0 0 0 0 0 0 0 0 0 0 0 0 0 0 0 0 0 0 0 0 0 0 0 0 0 0 0 0 0 0 0 0 0 0 0 0 0 0 0 0 0 0 0 0 0 0 0 0 0 0 2 0 0 0 0 0 0 0 0 0 0 0 0 0 0 0 0 0 0 0 0 0 0 0 1 0 0 0 0 0 0 0 0 0 1 1 0 0 0 1 1 1 1 1 1 1 1 1 1 1 1 1 1 0 0 0 0 0 0 0 0 2 0 0 0 0 0 0 0 0 0 1 0 0 2 0 0 0 0 0 0 0 0 0 0 0 0 0 0 0 0 0 0 1 0 0 0 0 0 0 0 0 0 0 0 4 3 0 0 1 2 2 2 2 2 2 2 2 2 2 2 0 0 0 0 0 0 0 0 0 0 0 0 0 0 0 0 0 0 0 0 0 0 0 0 0 0 0 0 0 0 0 0 0 0 0 0 0 0 0 0 0 0 0 0 0 0 0 0 0 0 0 0 0 0 0 0 0 2 0 
.
1 31 ; 3 1 ; 4 1 ; .
0 1 0 2 4 0 0 0 0 0 0 0 0 0 0 0 1 0 0 0 0 0 0 2 0 0 0 0 0 0 0 0 0 0 0 0 0 0 0 0 0 0 0 0 0 0 0 0 0 0 
.
0 1 -2
.
1 2 0
.
2 3 0
.
3 4 0
.
4 5 0
.
5 6 2
.
6 7 0
.
7 8 0
.
8 9 -2
.
9 10 0
.
10 11 0
.
11 12 0
.
12 13 0
.
13 14 0
.
14 15 0
.
15 16 0
.
16 17 0
.
17 18 0
.
18 19 0
.
19 20 0
.
20 21 0
.
21 22 0
.
22 23 0
.
23 24 0
.
24 25 0
.
25 26 0
.
26 27 0
.
27 28 0
.
28 29 0
.
29 30 0
.
30 31 0
.
31 32 0
.
32 33 0
.
33 34 0
.
34 35 0
.
35 36 0
.
36 37 0
.
37 38 0
.
38 39 0
.
39 40 0
.
40 41 0
.
41 42 0
.
42 43 0
.
43 44 0
.
44 45 2
.
45 46 -2
.
46 47 0
.
47 48 0
.
48 49 0
.
49 50 0
.
50 51 0
.
51 52 0
.
52 53 0
.
53 54 0
.
54 55 0
.
55 56 0
.
56 57 0
.
57 58 0
.
58 59 0
.
59 60 0
.
60 61 0
.
61 62 0
.
62 63 0
.
63 64 0
.
64 65 0
.
65 66 0
.
66 67 0
.
67 68 0
.
68 69 0
.
69 0 2
.
.
-1 0 0 0 0 0 0 0 0 0 0 0 0 0 1 0 0 0 0 0 0 0 0 0 0 0 0 0 0 0 0 0 0 0 0 0 0 0 0 0 0 0 0 0 0 0 0 0 0 0 0 0 0 0 0 0 0 0 0 0 0 0 0 0 0 0 0 0 0 0 0 0 0 0 0 2 0 0 0 0 0 0 0 0 0 0 0 0 0 0 0 0 0 0 0 0 0 0 0 1 0 0 0 0 0 0 0 0 0 1 1 0 0 0 0 1 1 1 1 1 1 1 1 1 1 1 1 1 0 0 0 0 0 0 0 0 2 0 0 0 0 0 0 0 0 0 1 0 0 2 0 0 0 0 0 0 0 0 0 0 0 0 0 0 0 0 0 0 1 0 0 0 0 0 0 0 0 0 0 0 4 3 0 0 1 2 2 2 2 2 2 2 2 2 2 2 0 0 0 0 0 0 0 0 0 0 0 0 0 0 0 0 0 0 0 0 0 0 0 0 0 0 0 0 0 0 0 0 0 0 0 0 0 0 0 0 0 0 0 0 0 0 0 0 0 0 0 0 0 0 0 0 0 2 0 
.
3 3 ; 4 31 ; .
0 1 0 2 0 0 0 0 0 0 0 0 0 0 0 0 1 0 0 0 0 0 0 2 0 0 0 0 0 0 0 0 0 0 0 0 0 0 0 0 0 0 0 0 0 0 0 0 0 0 
.
0 1 -2
.
1 2 0
.
2 3 0
.
3 4 0
.
4 5 0
.
5 6 2
.
6 7 0
.
7 8 0
.
8 9 -2
.
9 10 0
.
10 11 0
.
11 12 0
.
12 13 0
.
13 14 0
.
14 15 0
.
15 16 0
.
16 17 0
.
17 18 0
.
18 19 0
.
19 20 0
.
20 21 0
.
21 22 0
.
22 23 0
.
23 24 0
.
24 25 0
.
25 26 0
.
26 27 0
.
27 28 0
.
28 29 0
.
29 30 0
.
30 31 0
.
31 32 0
.
32 33 0
.
33 34 0
.
34 35 0
.
35 36 0
.
36 37 0
.
37 38 0
.
38 39 0
.
39 40 0
.
40 41 0
.
41 42 0
.
42 43 0
.
43 44 0
.
44 45 2
.
45 46 -2
.
46 47 0
.
47 48 0
.
48 49 0
.
49 50 0
.
50 51 0
.
51 52 0
.
52 53 0
.
53 54 0
.
54 55 0
.
55 56 0
.
56 57 0
.
57 58 0
.
58 59 0
.
59 60 0
.
60 61 0
.
61 62 0
.
62 63 0
.
63 64 0
.
64 65 0
.
65 66 0
.
66 67 2
.
67 68 -2
.
68 69 0
.
69 0 2
.
.
-1 0 0 0 0 0 1 0 0 0 0 0 0 0 1 0 0 0 0 0 0 0 0 0 0 0 0 0 0 0 0 0 0 0 0 0 0 0 0 0 0 0 0 0 0 0 0 0 0 0 0 0 0 0 0 0 0 0 0 0 0 0 0 0 0 0 0 0 0 0 0 0 0 0 0 2 0 0 0 0 0 0 0 0 0 0 0 0 0 0 0 0 0 0 0 0 0 0 0 1 0 0 0 0 0 0 0 0 0 1 1 0 0 0 0 0 1 1 1 1 1 1 1 1 1 1 1 1 0 0 0 0 0 0 0 0 2 0 0 0 0 0 0 0 0 0 1 0 0 2 0 0 0 0 0 0 0 0 0 0 0 0 0 0 0 0 0 0 1 0 0 0 0 0 0 0 0 0 0 0 4 3 0 0 1 2 2 2 2 2 2 2 2 2 2 2 0 0 0 0 0 0 0 0 0 0 0 0 0 0 0 0 0 0 0 0 0 0 0 0 0 0 0 0 0 0 0 0 0 0 0 0 0 0 0 0 0 0 0 0 0 0 0 0 0 0 0 0 0 0 0 0 0 2 0 
.
4 56 ; 27 0 ; .
0 1 0 2 0 0 0 0 0 0 0 0 0 0 0 0 1 0 0 0 0 0 0 2 0 0 0 0 0 0 0 0 0 0 0 0 0 0 0 0 0 0 0 0 0 0 0 0 0 0 
.
0 1 -2
.
1 0 4
.
1 2 0
.
2 3 0
.
3 4 0
.
4 5 0
.
5 6 2
.
6 7 0
.
7 8 0
.
8 9 -2
.
9 10 0
.
10 11 0
.
11 12 0
.
12 13 0
.
13 14 0
.
14 15 0
.
15 16 0
.
16 17 0
.
17 18 0
.
18 19 0
.
19 20 0
.
20 21 0
.
21 22 0
.
22 23 0
.
23 24 0
.
24 25 0
.
25 26 0
.
26 27 0
.
27 28 0
.
28 29 0
.
29 30 0
.
30 31 0
.
31 32 0
.
32 33 0
.
33 34 0
.
34 35 0
.
35 36 0
.
36 37 0
.
37 38 0
.
38 39 0
.
39 40 0
.
40 41 0
.
41 42 0
.
42 43 0
.
43 44 0
.
44 45 2
.
45 46 -2
.
46 47 0
.
47 48 0
.
48 49 0
.
49 50 0
.
50 51 0
.
51 52 0
.
52 53 0
.
53 54 0
.
54 55 0
.
55 56 0
.
56 57 0
.
57 58 0
.
58 59 0
.
59 60 0
.
60 61 0
.
61 62 0
.
62 63 0
.
63 64 0
.
64 65 0
.
65 66 0
.
66 67 2
.
67 68 0
.
68 69 -2
.
69 1 0
.
.
-1 0 0 0 0 0 1 0 0 0 0 0 0 0 1 0 0 0 0 0 0 0 0 0 0 0 0 0 0 0 0 0 0 0 0 0 0 0 0 0 0 0 0 0 0 0 0 0 0 0 0 0 0 0 0 0 0 0 0 0 0 0 0 0 0 0 0 0 0 0 0 0 0 0 0 2 0 0 0 0 0 0 0 0 0 0 0 0 0 0 0 0 0 0 0 0 0 0 0 1 0 0 0 0 0 0 0 0 0 1 1 0 0 0 0 0 1 1 1 1 1 1 1 1 1 1 1 1 0 0 0 0 0 0 0 0 2 0 0 0 0 0 0 0 0 0 1 0 0 2 0 0 0 0 0 0 0 0 0 0 0 0 0 0 0 0 0 0 1 0 0 0 0 0 0 0 0 0 0 0 4 3 0 0 1 2 2 2 2 2 2 2 2 2 2 2 0 0 0 0 0 0 0 0 0 0 0 0 0 0 0 0 0 0 0 0 0 0 0 0 0 0 0 0 0 0 0 0 0 0 0 0 0 0 0 0 0 0 0 0 0 0 0 0 0 0 0 0 0 0 0 0 0 2 0 
.
27 67 ; .
0 1 0 2 0 0 0 0 0 0 0 0 0 0 0 0 1 0 0 0 0 0 0 2 0 0 0 0 0 0 0 0 0 0 0 0 0 0 0 0 0 0 0 0 0 0 0 0 0 0 
.
0 1 -4
.
1 2 0
.
2 3 0
.
3 4 0
.
4 5 0
.
5 6 2
.
6 7 0
.
7 8 0
.
8 9 -2
.
9 10 0
.
10 11 0
.
11 12 0
.
12 13 0
.
13 14 0
.
14 15 0
.
15 16 0
.
16 17 0
.
17 18 0
.
18 19 0
.
19 20 0
.
20 21 0
.
21 22 0
.
22 23 0
.
23 24 0
.
24 25 0
.
25 26 0
.
26 27 0
.
27 28 0
.
28 29 0
.
29 30 0
.
30 31 0
.
31 32 0
.
32 33 0
.
33 34 0
.
34 35 0
.
35 36 0
.
36 37 0
.
37 38 0
.
38 39 0
.
39 40 0
.
40 41 0
.
41 42 0
.
42 43 0
.
43 44 0
.
44 45 2
.
45 46 -2
.
46 47 0
.
47 48 0
.
48 49 0
.
49 50 0
.
50 51 0
.
51 52 0
.
52 53 0
.
53 54 0
.
54 55 0
.
55 56 0
.
56 57 0
.
57 58 0
.
58 59 0
.
59 60 0
.
60 61 0
.
61 62 0
.
62 63 0
.
63 64 0
.
64 65 0
.
65 66 0
.
66 67 2
.
67 68 2
.
68 69 -4
.
69 0 4
.
.
-1 0 0 0 0 0 1 0 0 0 0 0 0 0 1 0 0 0 0 0 0 0 0 0 0 0 0 0 0 0 0 0 0 0 0 0 0 0 0 0 0 0 0 0 0 0 0 0 0 0 0 0 0 0 0 0 0 0 0 0 0 0 0 0 0 0 0 0 0 0 0 0 0 0 0 2 0 0 0 0 0 0 0 0 0 0 0 0 0 0 0 0 0 0 0 0 0 0 0 1 0 0 0 0 0 0 0 0 0 1 1 0 0 0 0 0 1 1 1 1 1 1 1 1 1 1 1 1 0 0 0 0 0 0 0 0 2 0 0 0 0 0 0 0 0 0 1 0 0 2 0 0 0 0 0 0 0 0 0 0 0 0 0 0 0 0 0 0 1 0 0 0 0 0 0 0 0 0 0 0 4 3 0 0 1 2 2 2 2 2 2 2 2 2 2 2 0 0 0 0 0 0 0 0 0 0 0 0 0 0 0 0 0 0 0 0 0 0 0 0 0 0 0 0 0 0 0 0 0 0 0 0 0 0 0 0 0 0 0 0 0 0 0 0 0 0 0 0 0 0 0 0 0 2 0 
.
27 67 ; .
0 1 0 2 0 0 0 0 0 0 0 0 0 0 0 0 1 0 0 0 0 0 0 2 0 0 0 0 0 0 0 0 0 0 0 0 0 0 0 0 0 0 0 0 0 0 0 0 0 0 
.
0 1 -4
.
1 0 6
.
1 2 0
.
2 3 0
.
3 4 0
.
4 5 0
.
5 6 2
.
6 7 0
.
7 8 0
.
8 9 -2
.
9 10 0
.
10 11 0
.
11 12 0
.
12 13 0
.
13 14 0
.
14 15 0
.
15 16 0
.
16 17 0
.
17 18 0
.
18 19 0
.
19 20 0
.
20 21 0
.
21 22 0
.
22 23 0
.
23 24 0
.
24 25 0
.
25 26 0
.
26 27 0
.
27 28 0
.
28 29 0
.
29 30 0
.
30 31 0
.
31 32 0
.
32 33 0
.
33 34 0
.
34 35 0
.
35 36 0
.
36 37 0
.
37 38 0
.
38 39 0
.
39 40 0
.
40 41 0
.
41 42 0
.
42 43 0
.
43 44 0
.
44 45 2
.
45 46 -2
.
46 47 0
.
47 48 0
.
48 49 0
.
49 50 0
.
50 51 0
.
51 52 0
.
52 53 0
.
53 54 0
.
54 55 0
.
55 56 0
.
56 57 0
.
57 58 0
.
58 59 0
.
59 60 0
.
60 61 0
.
61 62 0
.
62 63 0
.
63 64 0
.
64 65 0
.
65 66 0
.
66 67 4
.
67 68 0
.
68 69 -4
.
69 1 0
.
.
-1 0 0 0 0 0 0 0 0 0 1 0 0 0 1 0 0 0 0 0 0 0 0 0 0 0 0 0 0 0 0 0 0 0 0 0 0 0 0 0 0 0 0 0 0 0 0 0 0 0 0 0 0 0 0 0 0 0 0 0 0 0 0 0 0 0 0 0 0 0 0 0 0 0 0 2 0 0 0 0 0 0 0 0 0 0 0 0 0 0 0 0 0 0 0 0 0 0 0 1 0 0 0 0 0 0 0 0 0 1 1 0 0 0 0 0 1 1 1 1 1 1 1 1 1 1 1 1 0 0 0 0 0 0 0 0 2 0 0 0 0 0 0 0 0 0 1 0 0 2 0 0 0 0 0 0 0 0 0 0 0 0 0 0 0 0 0 0 1 0 0 0 0 0 0 0 0 0 0 0 4 3 0 0 1 2 2 2 2 2 2 2 2 2 2 2 0 0 0 0 0 0 0 0 0 0 0 0 0 0 0 0 0 0 0 0 0 0 0 0 0 0 0 0 0 0 0 0 0 0 0 0 0 0 0 0 0 0 0 0 0 0 0 0 0 0 0 0 0 0 0 0 0 2 0 
.
27 63 ; .
0 1 0 2 0 0 0 0 0 0 0 0 0 0 0 0 1 0 0 0 0 0 0 2 0 0 0 0 0 0 0 0 0 0 0 0 0 0 0 0 0 0 0 0 0 0 0 0 0 0 
.
0 1 -6
.
1 2 0
.
2 3 0
.
3 4 0
.
4 5 0
.
5 6 2
.
6 7 0
.
7 8 0
.
8 9 -2
.
9 10 0
.
10 11 0
.
11 12 0
.
12 13 0
.
13 14 0
.
14 15 0
.
15 16 0
.
16 17 0
.
17 18 0
.
18 19 0
.
19 20 0
.
20 21 0
.
21 22 0
.
22 23 0
.
23 24 0
.
24 25 0
.
25 26 0
.
26 27 0
.
27 28 0
.
28 29 0
.
29 30 0
.
30 31 0
.
31 32 0
.
32 33 0
.
33 34 0
.
34 35 0
.
35 36 0
.
36 37 0
.
37 38 0
.
38 39 0
.
39 40 0
.
40 41 0
.
41 42 0
.
42 43 0
.
43 44 0
.
44 45 2
.
45 46 -2
.
46 47 0
.
47 48 0
.
48 49 0
.
49 50 0
.
50 51 0
.
51 52 0
.
52 53 0
.
53 54 0
.
54 55 0
.
55 56 0
.
56 57 0
.
57 58 0
.
58 59 0
.
59 60 0
.
60 61 0
.
61 62 0
.
62 63 0
.
63 64 0
.
64 65 0
.
65 66 0
.
66 67 4
.
67 68 2
.
68 69 -6
.
69 0 6
.
.
-1 0 0 0 0 0 0 0 0 0 1 0 0 0 1 0 0 0 0 0 0 0 0 0 0 0 0 0 0 0 0 0 0 0 0 0 0 0 0 0 0 0 0 0 0 0 0 0 0 0 0 0 0 0 0 0 0 0 0 0 0 0 0 0 0 0 0 0 0 0 0 0 0 0 0 2 0 0 0 0 0 0 0 0 0 0 0 0 0 0 0 0 0 0 0 0 0 0 0 1 0 0 0 0 0 0 0 0 0 1 1 0 0 0 0 0 1 1 1 1 1 1 1 1 1 1 1 1 0 0 0 0 0 0 0 0 2 0 0 0 0 0 0 0 0 0 1 0 0 2 0 0 0 0 0 0 0 0 0 0 0 0 0 0 0 0 0 0 1 0 0 0 0 0 0 0 0 0 0 0 4 3 0 0 1 2 2 2 2 2 2 2 2 2 2 2 0 0 0 0 0 0 0 0 0 0 0 0 0 0 0 0 0 0 0 0 0 0 0 0 0 0 0 0 0 0 0 0 0 0 0 0 0 0 0 0 0 0 0 0 0 0 0 0 0 0 0 0 0 0 0 0 0 2 0 
.
27 67 ; .
0 1 0 2 0 0 0 0 0 0 0 0 0 0 0 0 1 0 0 0 0 0 0 2 0 0 0 0 0 0 0 0 0 0 0 0 0 0 0 0 0 0 0 0 0 0 0 0 0 0 
.
0 1 -6
.
1 0 8
.
1 2 0
.
2 3 0
.
3 4 0
.
4 5 0
.
5 6 2
.
6 7 0
.
7 8 0
.
8 9 -2
.
9 10 0
.
10 11 0
.
11 12 0
.
12 13 0
.
13 14 0
.
14 15 0
.
15 16 0
.
16 17 0
.
17 18 0
.
18 19 0
.
19 20 0
.
20 21 0
.
21 22 0
.
22 23 0
.
23 24 0
.
24 25 0
.
25 26 0
.
26 27 0
.
27 28 0
.
28 29 0
.
29 30 0
.
30 31 0
.
31 32 0
.
32 33 0
.
33 34 0
.
34 35 0
.
35 36 0
.
36 37 0
.
37 38 0
.
38 39 0
.
39 40 0
.
40 41 0
.
41 42 0
.
42 43 0
.
43 44 0
.
44 45 2
.
45 46 -2
.
46 47 0
.
47 48 0
.
48 49 0
.
49 50 0
.
50 51 0
.
51 52 0
.
52 53 0
.
53 54 0
.
54 55 0
.
55 56 0
.
56 57 0
.
57 58 0
.
58 59 0
.
59 60 0
.
60 61 0
.
61 62 0
.
62 63 0
.
63 64 0
.
64 65 0
.
65 66 0
.
66 67 6
.
67 68 0
.
68 69 -6
.
69 1 0
.
.
-1 0 0 0 0 0 0 0 0 0 1 0 0 0 1 0 0 0 0 0 0 0 0 0 0 0 0 0 0 0 0 0 0 0 0 0 0 0 0 0 0 0 0 0 0 0 0 0 0 0 0 0 0 0 0 0 0 0 0 0 0 0 0 0 0 0 0 0 0 0 0 0 0 0 0 2 0 0 0 0 0 0 0 0 0 0 0 0 0 0 0 0 0 0 0 0 0 0 0 1 0 0 0 0 0 0 0 0 0 1 1 0 0 0 0 0 1 1 1 1 1 1 1 1 1 1 1 1 0 0 0 0 0 0 0 0 2 0 0 0 0 0 0 0 0 0 1 0 0 2 0 0 0 0 0 0 0 0 0 0 0 0 0 0 0 0 0 0 1 0 0 0 0 0 0 0 0 0 0 0 4 3 0 0 1 2 2 2 2 2 2 2 2 2 2 2 0 0 0 0 0 0 0 0 0 0 0 0 0 0 0 0 0 0 0 0 0 0 0 0 0 0 0 0 0 0 0 0 0 0 0 0 0 0 0 0 0 0 0 0 0 0 0 0 0 0 0 0 0 0 0 0 0 2 0 
.
27 64 ; .
0 1 0 2 0 0 0 0 0 0 0 0 0 0 0 0 1 0 0 0 0 0 0 2 0 0 0 0 0 0 0 0 0 0 0 0 0 0 0 0 0 0 0 0 0 0 0 0 0 0 
.
0 1 -8
.
1 2 0
.
2 3 0
.
3 4 0
.
4 5 0
.
5 6 2
.
6 7 0
.
7 8 0
.
8 9 -2
.
9 10 0
.
10 11 0
.
11 12 0
.
12 13 0
.
13 14 0
.
14 15 0
.
15 16 0
.
16 17 0
.
17 18 0
.
18 19 0
.
19 20 0
.
20 21 0
.
21 22 0
.
22 23 0
.
23 24 0
.
24 25 0
.
25 26 0
.
26 27 0
.
27 28 0
.
28 29 0
.
29 30 0
.
30 31 0
.
31 32 0
.
32 33 0
.
33 34 0
.
34 35 0
.
35 36 0
.
36 37 0
.
37 38 0
.
38 39 0
.
39 40 0
.
40 41 0
.
41 42 0
.
42 43 0
.
43 44 0
.
44 45 2
.
45 46 -2
.
46 47 0
.
47 48 0
.
48 49 0
.
49 50 0
.
50 51 0
.
51 52 0
.
52 53 0
.
53 54 0
.
54 55 0
.
55 56 0
.
56 57 0
.
57 58 0
.
58 59 0
.
59 60 0
.
60 61 0
.
61 62 0
.
62 63 0
.
63 64 0
.
64 65 0
.
65 66 0
.
66 67 6
.
67 68 2
.
68 69 -8
.
69 0 8
.
.
-1 0 0 0 0 0 0 0 0 0 1 0 0 0 1 0 0 0 0 0 0 0 0 0 0 0 0 0 0 0 0 0 0 0 0 0 0 0 0 0 0 0 0 0 0 0 0 0 0 0 0 0 0 0 0 0 0 0 0 0 0 0 0 0 0 0 0 0 0 0 0 0 0 0 0 2 0 0 0 0 0 0 0 0 0 0 0 0 0 0 0 0 0 0 0 0 0 0 0 1 0 0 0 0 0 0 0 0 0 1 1 0 0 0 0 0 1 1 1 1 1 1 1 1 1 1 1 1 0 0 0 0 0 0 0 0 2 0 0 0 0 0 0 0 0 0 1 0 0 2 0 0 0 0 0 0 0 0 0 0 0 0 0 0 0 0 0 0 1 0 0 0 0 0 0 0 0 0 0 0 4 3 0 0 1 2 2 2 2 2 2 2 2 2 2 2 0 0 0 0 0 0 0 0 0 0 0 0 0 0 0 0 0 0 0 0 0 0 0 0 0 0 0 0 0 0 0 0 0 0 0 0 0 0 0 0 0 0 0 0 0 0 0 0 0 0 0 0 0 0 0 0 0 2 0 
.
27 67 ; .
0 1 0 2 0 0 0 0 0 0 0 0 0 0 0 0 1 0 0 0 0 0 0 2 0 0 0 0 0 0 0 0 0 0 0 0 0 0 0 0 0 0 0 0 0 0 0 0 0 0 
.
0 1 -8
.
1 2 0
.
2 3 0
.
3 4 0
.
4 5 0
.
5 6 2
.
6 7 0
.
7 8 0
.
8 9 -2
.
9 10 0
.
10 11 0
.
11 12 0
.
12 13 0
.
13 14 0
.
14 15 0
.
15 16 0
.
16 17 0
.
17 18 0
.
18 19 0
.
19 20 0
.
20 21 0
.
21 22 0
.
22 23 0
.
23 24 0
.
24 25 0
.
25 26 0
.
26 27 0
.
27 28 0
.
28 29 0
.
29 30 0
.
30 31 0
.
31 32 0
.
32 33 0
.
33 34 0
.
34 35 0
.
35 36 0
.
36 37 0
.
37 38 0
.
38 39 0
.
39 40 0
.
40 41 0
.
41 42 0
.
42 43 0
.
43 44 0
.
44 45 2
.
45 46 -2
.
46 47 0
.
47 48 0
.
48 49 0
.
49 50 0
.
50 51 0
.
51 52 0
.
52 53 0
.
53 54 0
.
54 55 0
.
55 56 0
.
56 57 0
.
57 58 0
.
58 59 0
.
59 60 0
.
60 61 0
.
61 62 0
.
62 63 0
.
63 64 0
.
64 65 0
.
65 66 0
.
66 67 8
.
67 68 0
.
68 69 -8
.
69 0 8
.
.
-1 0 0 0 0 0 0 0 0 0 1 0 0 0 1 0 0 0 0 0 0 0 0 0 0 0 0 0 0 0 0 0 0 0 0 0 0 0 0 0 0 0 0 0 0 0 0 0 0 0 0 0 0 0 0 0 0 0 0 0 0 0 0 0 0 0 0 0 0 0 0 0 0 0 0 2 0 0 0 0 0 0 0 0 0 0 0 0 0 0 0 0 0 0 0 0 0 0 0 1 0 0 0 0 0 0 0 0 0 1 1 0 0 0 0 0 1 1 1 1 1 1 1 1 1 1 1 1 0 0 0 0 0 0 0 0 2 0 0 0 0 0 0 0 0 0 1 0 0 2 0 0 0 0 0 0 0 0 0 0 0 0 0 0 0 0 0 0 1 0 0 0 0 0 0 0 0 0 0 0 4 3 0 0 1 2 2 2 2 2 2 2 2 2 2 2 0 0 0 0 0 0 0 0 0 0 0 0 0 0 0 0 0 0 0 0 0 0 0 0 0 0 0 0 0 0 0 0 0 0 0 0 0 0 0 0 0 0 0 0 0 0 0 0 0 0 0 0 0 0 0 0 0 2 0 
.
27 64 ; .
0 1 0 2 0 0 0 0 0 0 0 0 0 0 0 0 2 0 0 0 0 0 0 2 0 0 0 0 0 0 0 0 0 0 0 0 0 0 0 0 0 0 0 0 0 0 0 0 0 0 
.
0 1 -8
.
1 2 0
.
2 3 0
.
3 4 0
.
4 5 0
.
5 6 2
.
6 7 0
.
7 8 0
.
8 9 -2
.
9 10 0
.
10 11 0
.
11 12 0
.
12 13 0
.
13 14 0
.
14 15 0
.
15 16 0
.
16 17 0
.
17 18 0
.
18 19 0
.
19 20 0
.
20 21 0
.
21 22 0
.
22 23 0
.
23 24 0
.
24 25 0
.
25 26 0
.
26 27 0
.
27 28 0
.
28 29 0
.
29 30 0
.
30 31 0
.
31 32 0
.
32 33 0
.
33 34 0
.
34 35 0
.
35 36 0
.
36 37 0
.
37 38 0
.
38 39 0
.
39 40 0
.
40 41 0
.
41 42 0
.
42 43 0
.
43 44 0
.
44 45 8
.
45 46 -8
.
46 47 0
.
47 48 0
.
48 49 0
.
49 50 0
.
50 51 0
.
51 52 0
.
52 53 0
.
53 54 0
.
54 55 0
.
55 56 0
.
56 57 0
.
57 58 0
.
58 59 0
.
59 60 0
.
60 61 0
.
61 62 0
.
62 63 0
.
63 64 0
.
64 65 0
.
65 66 0
.
66 67 8
.
67 68 0
.
68 69 -8
.
69 0 8
.
.
-1 0 0 0 0 0 0 0 0 0 1 0 0 0 1 0 0 0 0 0 0 0 0 0 0 0 0 0 0 0 0 0 0 0 0 0 0 0 0 0 0 0 0 0 0 0 0 0 0 0 0 0 0 0 0 0 0 0 0 0 0 0 0 0 0 0 0 0 0 0 0 0 0 0 0 2 0 0 0 0 0 0 0 0 0 0 0 0 0 0 0 0 0 0 0 0 0 0 0 1 0 0 0 0 0 0 0 0 0 1 1 0 0 0 0 0 1 1 1 1 1 1 1 1 1 1 1 1 0 0 0 0 0 0 0 0 2 0 0 0 0 0 0 0 0 0 1 0 0 2 0 0 0 0 0 0 0 0 0 0 0 0 0 0 0 0 0 0 1 0 0 0 0 0 0 0 0 0 0 0 4 3 0 0 1 2 2 2 2 2 2 2 2 2 2 2 0 0 0 0 0 0 0 0 0 0 0 0 0 0 0 0 0 0 0 0 0 0 0 0 0 0 0 0 0 0 0 0 0 0 0 0 0 0 0 0 0 0 0 0 0 0 0 0 0 0 0 0 0 0 0 0 0 2 0 
.
16 1 ; .
0 1 0 2 0 0 0 0 0 0 0 0 0 0 0 0 3 0 0 0 0 0 0 2 0 0 1 0 0 0 0 0 0 0 0 0 0 0 0 0 0 0 0 0 0 0 0 0 0 0 
.
0 1 -8
.
1 2 0
.
2 3 0
.
3 4 0
.
4 5 0
.
5 6 2
.
6 7 0
.
7 8 0
.
8 9 -2
.
9 10 0
.
10 11 0
.
11 12 0
.
12 13 0
.
13 14 0
.
14 15 0
.
15 16 0
.
16 17 0
.
17 18 0
.
18 19 0
.
19 20 0
.
20 21 0
.
21 22 0
.
22 23 0
.
23 24 0
.
24 25 0
.
25 26 0
.
26 27 0
.
27 28 0
.
28 29 0
.
29 30 0
.
30 31 0
.
31 32 0
.
32 33 0
.
33 34 0
.
34 35 0
.
35 36 0
.
36 37 0
.
37 38 0
.
38 39 0
.
39 40 0
.
40 41 0
.
41 42 0
.
42 43 0
.
43 44 0
.
44 45 8
.
45 46 0
.
46 47 -8
.
47 48 0
.
48 49 0
.
49 50 0
.
50 51 0
.
51 52 8
.
52 53 -8
.
53 54 0
.
54 55 0
.
55 56 0
.
56 57 0
.
57 58 0
.
58 59 0
.
59 60 0
.
60 61 0
.
61 62 0
.
62 63 0
.
63 64 0
.
64 65 8
.
65 66 0
.
66 67 0
.
67 68 0
.
68 69 -8
.
69 0 8
.
.
-1 0 0 0 0 0 0 0 0 0 1 0 0 0 1 0 0 0 0 0 0 0 0 0 0 0 0 0 0 0 0 0 0 0 0 0 0 0 0 0 0 0 0 0 0 0 0 0 0 0 0 0 0 0 0 0 0 0 0 4 3 1 2 2 2 2 2 2 2 2 2 0 0 0 0 2 0 0 0 0 0 0 0 0 0 0 0 0 0 0 0 0 0 0 0 0 0 0 0 1 0 0 0 0 0 0 0 0 0 1 1 0 0 0 0 0 1 1 1 1 1 1 1 1 1 1 1 1 0 0 0 0 0 0 0 0 2 0 0 0 0 0 0 0 0 0 1 0 0 2 0 0 0 0 0 0 0 0 0 0 0 0 0 0 0 0 0 0 1 0 0 0 0 0 0 0 0 0 0 0 4 3 0 0 1 2 2 2 2 2 2 2 2 2 2 2 0 0 0 0 0 0 1 0 0 0 0 0 0 0 1 0 0 0 0 0 0 0 0 0 0 0 0 0 0 0 0 0 0 0 0 0 0 0 0 0 0 0 0 0 0 0 0 0 0 0 0 0 0 0 0 0 0 2 0 
.
16 2 ; 26 0 ; .
0 1 0 2 0 0 0 0 0 0 0 0 0 0 0 0 3 0 0 0 0 0 0 2 0 0 2 0 0 0 0 0 0 0 0 0 0 0 0 0 0 0 0 0 0 0 0 0 0 0 
.
0 1 -8
.
1 0 10
.
1 2 0
.
2 3 0
.
3 4 0
.
4 5 0
.
5 6 2
.
6 7 0
.
7 8 0
.
8 9 -2
.
9 10 0
.
10 11 0
.
11 12 0
.
12 13 0
.
13 14 0
.
14 15 0
.
15 16 0
.
16 17 0
.
17 18 0
.
18 19 0
.
19 20 0
.
20 21 0
.
21 22 0
.
22 23 0
.
23 24 0
.
24 25 0
.
25 26 0
.
26 27 0
.
27 28 0
.
28 29 0
.
29 30 0
.
30 31 0
.
31 32 0
.
32 33 0
.
33 34 0
.
34 35 0
.
35 36 0
.
36 37 0
.
37 38 0
.
38 39 0
.
39 40 0
.
40 41 0
.
41 42 0
.
42 43 0
.
43 44 0
.
44 45 8
.
45 46 0
.
46 47 -8
.
47 48 0
.
48 49 0
.
49 50 0
.
50 51 0
.
51 52 8
.
52 53 -8
.
53 54 0
.
54 55 0
.
55 56 0
.
56 57 0
.
57 58 0
.
58 59 0
.
59 60 0
.
60 61 0
.
61 62 0
.
62 63 0
.
63 64 0
.
64 65 8
.
65 66 0
.
66 67 0
.
67 68 0
.
68 69 -8
.
69 1 0
.
.
-1 0 0 0 0 0 0 0 0 0 1 0 0 0 1 0 0 0 0 0 0 0 0 0 0 0 0 0 0 0 0 0 0 0 0 0 0 0 0 0 0 0 0 0 0 0 0 0 0 0 0 0 0 0 0 0 0 0 0 4 3 1 2 2 2 2 2 2 2 2 2 0 0 0 0 2 0 0 0 0 0 0 0 0 0 0 0 0 0 0 0 0 0 0 0 0 0 0 0 1 0 0 0 0 0 0 0 0 0 1 1 0 0 0 0 0 1 1 1 1 1 1 1 1 1 1 1 1 0 0 0 0 0 0 0 0 2 0 0 0 0 0 0 0 0 0 1 0 0 2 0 0 0 0 0 0 0 0 0 0 0 0 0 0 0 0 0 0 1 0 0 0 0 0 0 0 0 0 0 0 4 3 0 0 1 2 2 2 2 2 2 2 2 2 2 2 0 0 0 0 0 0 1 0 0 0 0 0 0 0 1 0 0 0 0 0 0 0 0 0 0 0 0 0 0 0 0 0 0 0 0 0 0 0 0 0 0 0 0 0 0 0 0 0 0 0 0 0 0 0 0 0 0 2 0 
.
26 1 ; .
0 1 0 2 0 0 0 0 0 0 0 0 1 0 0 0 3 0 0 0 0 0 0 2 0 0 3 0 0 0 0 0 0 0 0 0 0 0 0 0 0 0 0 0 0 0 0 0 0 0 
.
0 33 0
.
1 0 10
.
1 2 0
.
2 3 0
.
3 4 0
.
4 5 0
.
5 6 2
.
6 7 0
.
7 8 0
.
8 9 -2
.
9 10 0
.
10 11 0
.
11 12 0
.
12 13 0
.
13 14 0
.
14 15 0
.
15 16 0
.
16 17 0
.
17 18 0
.
18 19 0
.
19 20 0
.
20 21 0
.
21 22 0
.
22 23 0
.
23 24 0
.
24 25 0
.
25 26 0
.
26 27 0
.
27 28 0
.
28 29 0
.
29 30 0
.
30 31 0
.
31 32 0
.
32 34 0
.
33 1 -8
.
33 38 0
.
34 35 0
.
35 36 0
.
36 37 0
.
37 39 0
.
38 33 0
.
39 40 0
.
40 41 0
.
41 42 0
.
42 43 0
.
43 44 0
.
44 45 8
.
45 46 0
.
46 47 -8
.
47 48 0
.
48 49 0
.
49 50 0
.
50 51 0
.
51 52 8
.
52 53 -8
.
53 54 0
.
54 55 0
.
55 56 0
.
56 57 0
.
57 58 0
.
58 59 0
.
59 60 0
.
60 61 0
.
61 62 0
.
62 63 0
.
63 64 0
.
64 65 8
.
65 66 0
.
66 67 0
.
67 68 0
.
68 69 -8
.
69 1 0
.
.
-1 0 0 0 0 0 0 0 0 0 1 0 0 0 1 0 0 0 0 0 0 0 0 0 0 0 0 0 0 0 0 0 0 0 0 0 0 0 0 0 0 0 0 0 0 0 0 0 0 0 0 0 0 0 0 0 0 0 0 4 3 1 2 2 2 2 2 2 2 2 2 0 0 0 0 2 0 0 0 0 0 0 0 0 0 0 0 0 0 0 0 0 0 0 0 0 0 0 0 1 0 0 0 0 0 0 0 0 0 1 1 0 0 0 0 0 1 1 1 1 1 1 1 1 1 1 1 1 0 0 0 0 0 0 0 0 2 0 0 0 0 0 0 0 0 0 1 0 0 2 0 0 0 0 0 0 0 0 0 0 0 1 0 0 0 0 0 0 1 0 0 0 0 0 0 0 0 0 0 0 4 3 0 0 1 2 2 2 2 2 2 2 2 2 2 2 0 0 0 0 0 0 1 0 0 0 0 0 0 0 1 0 0 0 0 0 0 0 0 0 0 0 0 0 0 0 0 0 0 0 0 0 0 0 0 0 0 0 0 0 0 0 0 0 0 0 0 0 0 0 0 0 0 2 0 
.
26 2 ; 12 0 ; .
0 1 0 2 0 0 0 0 0 0 0 0 5 0 0 0 3 0 0 0 0 0 0 2 0 0 4 0 0 0 0 0 0 0 0 0 0 0 0 0 0 0 0 0 0 0 0 0 0 0 
.
0 33 0
.
0 65 0
.
1 0 10
.
1 2 0
.
2 3 0
.
3 4 0
.
4 5 0
.
5 6 2
.
6 7 0
.
7 8 0
.
8 9 -2
.
9 10 0
.
10 11 0
.
11 12 0
.
12 13 0
.
13 14 0
.
14 15 0
.
15 16 0
.
16 17 0
.
17 18 0
.
18 19 0
.
19 20 0
.
20 21 0
.
21 22 0
.
22 23 0
.
23 24 0
.
24 25 0
.
25 26 0
.
26 27 0
.
27 28 0
.
28 29 0
.
29 30 0
.
30 31 0
.
31 32 0
.
32 34 0
.
33 1 -8
.
33 38 0
.
34 35 0
.
35 36 0
.
36 37 0
.
37 39 0
.
38 33 0
.
39 40 0
.
40 41 0
.
41 42 0
.
42 43 0
.
43 44 0
.
44 45 8
.
45 46 0
.
46 47 -8
.
47 48 0
.
48 49 0
.
49 50 0
.
50 51 0
.
51 52 8
.
52 53 -8
.
53 54 0
.
54 55 0
.
55 56 0
.
56 57 0
.
57 58 0
.
58 59 0
.
59 60 0
.
60 61 0
.
61 62 0
.
62 63 0
.
63 64 0
.
64 66 8
.
65 0 0
.
66 67 0
.
67 68 0
.
68 69 -8
.
69 1 0
.
.
-1 0 0 0 0 0 0 0 0 0 1 0 0 0 1 0 0 0 0 0 0 0 0 0 0 0 1 0 0 0 0 0 0 0 0 0 0 0 0 0 0 0 0 0 0 0 0 0 0 0 0 0 0 0 0 0 0 0 1 4 3 1 2 2 2 2 2 2 2 2 2 0 0 0 0 2 0 0 0 0 0 0 0 0 0 0 0 0 0 0 0 0 0 0 0 0 0 0 0 1 0 0 0 0 0 0 0 0 0 1 1 0 0 0 0 0 1 1 1 1 1 1 1 1 1 1 1 1 0 0 0 0 0 0 0 0 2 0 0 0 0 0 0 0 0 0 1 0 0 2 0 3 0 0 0 1 1 0 0 0 0 0 0 0 0 0 0 0 2 0 0 0 0 0 0 0 0 0 0 0 4 3 0 0 1 2 2 2 2 2 2 2 2 2 2 2 0 0 0 0 0 0 1 0 0 0 0 0 0 0 1 0 0 0 0 0 0 0 0 0 0 0 0 0 0 0 0 0 0 0 0 0 0 0 0 0 0 0 0 0 0 0 0 0 0 0 0 0 0 0 0 0 3 2 0 
.
12 4 ; 26 14 ; .
0 1 0 2 0 0 0 0 0 0 0 0 5 0 0 0 3 0 0 0 0 0 0 2 0 0 5 0 0 0 0 0 0 0 0 0 0 0 0 0 0 0 0 0 0 0 0 0 0 0 
.
0 33 0
.
0 65 0
.
1 0 10
.
1 2 0
.
2 3 0
.
3 4 0
.
4 5 0
.
5 6 2
.
6 7 0
.
7 8 0
.
8 9 -2
.
9 10 0
.
10 11 0
.
11 12 0
.
12 13 0
.
13 14 0
.
14 15 0
.
15 16 0
.
16 17 0
.
17 18 0
.
18 19 0
.
19 20 0
.
20 21 0
.
21 22 0
.
22 23 0
.
23 24 0
.
24 25 0
.
25 26 0
.
26 27 0
.
27 28 0
.
28 29 0
.
29 30 0
.
30 31 0
.
31 32 0
.
32 34 0
.
33 1 -8
.
33 38 0
.
34 35 0
.
35 36 0
.
36 37 0
.
37 39 0
.
38 33 0
.
39 40 0
.
40 41 0
.
41 42 0
.
42 43 0
.
43 44 0
.
44 45 8
.
45 46 0
.
46 47 -8
.
47 48 0
.
48 49 0
.
49 50 0
.
50 51 0
.
51 52 8
.
52 53 -8
.
53 54 0
.
54 55 0
.
55 56 0
.
56 57 0
.
57 58 0
.
58 59 0
.
59 60 0
.
60 61 0
.
61 62 0
.
62 63 0
.
63 64 0
.
64 66 8
.
65 0 0
.
66 67 0
.
67 68 0
.
68 69 -8
.
69 1 0
.
.
-1 0 0 0 0 0 0 0 0 0 1 0 0 0 1 0 0 0 0 0 0 0 0 0 0 0 1 0 0 0 0 0 0 0 0 0 0 0 0 0 0 0 0 0 0 0 0 0 0 0 0 0 0 0 0 0 0 0 1 4 3 1 2 2 2 2 2 2 2 2 2 0 0 0 0 2 0 0 0 0 0 0 0 0 0 0 0 0 0 0 0 0 0 0 0 0 0 0 0 1 0 0 0 0 0 0 0 0 0 1 1 0 0 0 0 0 1 1 1 1 1 1 1 1 1 1 1 1 0 0 0 0 0 0 0 0 2 0 0 0 0 0 0 0 0 0 1 0 0 2 0 3 0 0 0 1 1 0 0 0 0 0 0 0 0 0 0 0 2 0 0 0 0 0 0 0 0 0 0 0 4 3 0 3 1 2 2 2 2 2 2 2 2 2 2 2 0 0 0 0 0 1 1 0 0 1 0 0 0 0 1 0 0 0 0 0 0 0 0 0 0 0 0 0 0 0 0 0 0 0 0 0 0 0 0 0 0 0 0 0 0 0 0 0 0 0 0 0 0 0 0 0 3 2 0 
.
26 20 ; .
0 1 0 2 0 0 0 0 0 0 0 0 5 0 0 0 3 0 0 0 0 0 0 2 0 0 6 0 0 0 0 0 0 0 0 0 0 0 0 0 0 0 0 0 0 0 0 0 0 0 
.
0 65 0
.
1 0 10
.
1 2 0
.
2 3 0
.
3 4 0
.
4 5 0
.
5 6 2
.
6 7 0
.
7 8 0
.
8 9 -2
.
9 10 0
.
10 11 0
.
11 12 0
.
12 13 0
.
13 14 0
.
14 15 0
.
15 16 0
.
16 17 0
.
17 18 0
.
18 19 0
.
19 20 0
.
20 21 0
.
21 22 0
.
22 23 0
.
23 24 0
.
24 25 0
.
25 26 0
.
26 27 0
.
27 28 0
.
28 29 0
.
29 30 0
.
30 31 0
.
31 32 0
.
32 34 0
.
33 1 -8
.
33 38 0
.
34 35 0
.
35 36 0
.
36 37 0
.
37 39 0
.
38 33 0
.
39 40 0
.
40 41 0
.
41 42 0
.
42 43 0
.
43 44 0
.
44 45 8
.
45 46 0
.
46 47 -8
.
47 48 0
.
48 49 0
.
49 50 0
.
50 51 0
.
51 52 8
.
52 53 -8
.
53 54 0
.
54 55 0
.
55 56 0
.
56 57 0
.
57 58 0
.
58 59 0
.
59 60 0
.
60 61 0
.
61 62 0
.
62 63 0
.
63 64 0
.
64 66 8
.
65 33 0
.
66 67 0
.
67 68 0
.
68 69 -8
.
69 1 0
.
.
-1 0 0 0 0 0 0 0 0 0 1 0 0 0 1 0 0 0 0 0 0 0 0 0 0 0 1 0 0 0 0 0 0 0 0 0 0 0 0 0 0 0 0 0 0 0 0 0 0 0 0 0 0 0 0 0 0 0 1 4 3 1 2 2 2 2 2 2 2 2 2 0 0 0 0 2 0 0 0 0 0 0 0 0 0 0 0 0 0 0 0 0 0 0 0 0 0 0 0 1 0 0 0 0 0 0 0 0 0 1 1 0 0 0 0 0 1 1 1 1 1 1 1 1 1 1 1 1 0 0 0 0 0 0 0 0 2 0 0 0 0 0 0 0 0 0 1 0 0 2 0 3 0 0 0 1 1 0 0 0 0 0 0 0 0 0 0 0 2 0 0 0 0 0 0 0 0 0 0 0 4 3 0 2 1 2 2 2 2 2 2 2 2 2 2 2 0 0 0 0 0 1 1 0 0 0 0 0 0 0 1 0 0 0 0 0 0 0 0 0 0 0 0 0 0 0 0 0 0 0 0 0 0 0 0 0 0 0 0 0 0 0 0 0 0 0 0 0 0 0 0 0 2 2 0 
.
26 22 ; .
0 1 0 2 0 0 0 0 0 0 0 0 5 0 0 0 6 0 0 0 0 0 0 2 0 0 7 0 0 0 0 0 0 0 0 0 0 0 0 0 0 0 0 0 0 0 0 0 0 0 
.
0 65 0
.
1 0 10
.
1 2 0
.
2 3 0
.
3 4 0
.
4 5 0
.
5 6 2
.
6 7 0
.
7 8 0
.
8 9 -2
.
9 10 0
.
10 11 0
.
11 12 0
.
12 13 0
.
13 14 0
.
14 15 0
.
15 16 0
.
16 17 0
.
17 18 0
.
18 19 0
.
19 20 0
.
20 21 0
.
21 22 0
.
22 23 0
.
23 24 0
.
24 25 0
.
25 26 0
.
26 27 0
.
27 28 0
.
28 29 0
.
29 30 0
.
30 31 0
.
31 32 0
.
32 34 0
.
33 1 -8
.
33 38 0
.
34 35 0
.
35 36 0
.
36 37 0
.
37 39 0
.
38 33 0
.
39 40 0
.
40 41 0
.
41 42 0
.
42 43 0
.
43 44 0
.
44 45 8
.
45 46 0
.
46 47 -8
.
47 48 0
.
48 49 0
.
49 50 0
.
50 51 0
.
51 52 8
.
52 53 -8
.
53 54 0
.
54 55 0
.
55 56 0
.
56 57 0
.
57 58 0
.
58 59 0
.
59 60 0
.
60 61 0
.
61 62 0
.
62 63 0
.
63 64 0
.
64 66 8
.
65 33 0
.
66 67 0
.
67 68 0
.
68 69 -8
.
69 1 0
.
.
-1 0 0 0 0 0 0 0 0 0 1 0 0 0 1 0 0 0 0 0 0 0 0 0 0 0 1 0 0 0 0 0 0 0 0 0 0 0 0 0 0 0 0 0 0 0 0 0 0 0 0 0 0 0 0 0 0 0 1 4 3 1 2 2 2 2 2 2 2 2 2 0 0 0 0 2 0 0 0 0 0 0 0 0 0 0 0 0 0 0 0 0 0 0 0 0 0 0 0 1 0 0 0 0 0 0 0 0 0 1 1 0 0 0 0 0 1 1 1 1 1 1 1 1 1 1 1 1 0 0 0 0 0 0 0 0 2 0 0 0 0 0 0 0 0 0 1 0 0 2 0 3 0 0 0 1 1 0 0 0 0 0 0 0 0 0 0 0 2 0 0 0 0 0 0 0 0 0 0 0 4 3 0 2 1 2 2 2 2 2 2 2 2 2 2 2 0 0 0 0 0 1 0 0 0 0 0 0 0 0 1 0 0 0 0 0 0 0 0 0 0 0 0 0 0 0 0 0 0 0 0 0 0 0 0 0 0 0 0 0 0 0 0 0 0 0 0 0 0 0 0 0 2 2 0 
.
26 24 ; 16 5 ; .
0 1 0 2 0 0 0 0 0 0 0 0 5 0 0 0 6 0 0 0 0 0 0 2 0 0 7 0 0 0 0 0 0 0 0 0 0 0 0 0 0 0 1 0 0 0 0 0 0 0 
.
0 65 0
.
1 0 10
.
1 2 0
.
2 3 0
.
3 4 0
.
4 5 0
.
5 6 2
.
6 7 0
.
7 8 0
.
8 9 -2
.
9 10 0
.
10 11 0
.
11 12 0
.
12 13 0
.
13 14 0
.
14 15 0
.
15 16 0
.
16 17 0
.
17 18 0
.
18 19 0
.
19 20 0
.
20 21 0
.
21 22 0
.
22 23 0
.
23 24 0
.
24 25 0
.
25 26 0
.
26 27 0
.
27 28 0
.
28 29 0
.
29 30 0
.
30 31 0
.
31 32 0
.
32 34 0
.
33 1 -8
.
33 38 0
.
34 35 0
.
35 36 0
.
36 37 0
.
37 39 0
.
38 33 0
.
39 40 0
.
40 41 0
.
41 42 0
.
42 43 0
.
43 44 0
.
44 45 8
.
45 46 0
.
46 47 -8
.
47 48 0
.
48 49 0
.
49 50 0
.
50 51 0
.
51 52 8
.
52 53 -8
.
53 54 0
.
54 55 0
.
55 56 0
.
56 57 0
.
57 58 0
.
58 59 0
.
59 60 0
.
60 61 0
.
61 62 0
.
62 63 0
.
63 64 0
.
64 66 8
.
65 33 0
.
66 67 0
.
67 68 0
.
68 69 -8
.
69 1 0
.
.
-1 0 0 0 0 0 0 0 0 0 1 0 0 0 1 0 0 0 0 0 0 0 0 0 0 0 1 0 0 0 0 0 0 0 0 0 0 0 0 0 0 0 0 0 0 0 0 0 0 0 0 0 0 0 0 0 0 0 1 4 3 1 2 2 2 2 2 2 2 2 2 0 0 0 0 2 0 0 0 0 0 0 0 0 0 0 0 0 0 0 0 0 0 0 0 0 0 0 0 1 0 0 0 0 0 0 0 0 0 1 1 0 0 0 0 0 1 1 1 1 1 1 1 1 1 1 1 1 0 0 0 0 0 0 0 0 2 0 0 0 0 0 0 0 0 0 1 0 0 2 0 3 0 0 0 1 1 0 0 0 0 0 0 0 0 0 0 0 2 0 0 0 0 0 0 0 0 0 0 0 4 3 0 2 1 2 2 2 2 2 2 2 2 2 2 2 0 0 0 0 0 1 0 0 0 0 0 0 0 0 1 0 0 0 0 0 0 0 0 0 0 0 0 0 0 0 0 0 0 0 0 0 0 0 0 0 0 0 0 0 0 0 0 0 0 0 0 0 0 0 0 0 2 2 0 
.
42 0 ; .
0 1 0 2 0 0 0 0 0 0 0 0 5 0 0 0 6 0 0 0 0 0 0 2 0 0 7 0 0 0 0 0 0 0 0 0 0 0 0 0 0 0 0 0 0 0 0 0 0 0 
.
0 65 0
.
1 0 10
.
1 2 0
.
2 3 0
.
3 4 0
.
4 5 0
.
5 6 2
.
6 7 0
.
7 8 0
.
8 9 -2
.
9 10 0
.
10 11 0
.
11 12 0
.
12 13 0
.
13 14 0
.
14 15 0
.
15 16 0
.
16 17 0
.
17 18 0
.
18 19 0
.
19 20 0
.
20 21 0
.
21 22 0
.
22 23 0
.
23 24 0
.
24 25 0
.
25 26 0
.
26 27 0
.
27 28 0
.
28 29 0
.
29 30 0
.
30 31 0
.
31 32 0
.
32 34 0
.
33 1 -8
.
33 38 0
.
34 35 0
.
35 36 0
.
36 37 0
.
37 39 0
.
38 33 0
.
39 40 0
.
40 41 0
.
41 42 0
.
42 43 0
.
43 44 0
.
44 45 8
.
45 46 0
.
46 47 -8
.
47 48 0
.
48 49 0
.
49 50 0
.
50 51 0
.
51 52 8
.
52 53 -8
.
53 54 0
.
54 55 0
.
55 56 0
.
56 57 0
.
57 58 0
.
58 59 0
.
59 60 0
.
60 61 0
.
61 62 0
.
62 63 0
.
63 64 0
.
64 66 8
.
65 33 0
.
66 67 0
.
67 68 0
.
68 69 -8
.
69 1 0
.
.
-1 0 0 0 0 0 0 0 0 0 1 0 0 0 1 0 0 0 0 0 0 0 0 0 0 0 1 0 0 0 0 0 0 0 0 0 0 0 0 0 0 0 0 0 0 0 0 0 0 0 0 0 0 0 0 0 0 0 1 4 3 1 2 2 2 2 2 2 2 2 2 0 0 0 0 2 0 0 0 0 0 0 0 0 0 0 0 0 0 0 0 0 0 0 0 0 0 0 0 1 0 0 0 0 0 0 0 0 0 1 1 0 0 0 0 0 1 1 1 1 1 1 1 1 1 1 1 1 0 0 0 0 0 0 0 0 2 0 0 0 0 0 0 0 0 0 1 0 0 2 0 3 0 0 0 1 1 0 0 0 0 0 0 0 0 0 0 0 2 0 0 0 0 0 0 0 0 0 0 0 4 3 0 2 1 2 2 2 2 2 2 2 2 2 2 2 0 0 0 0 0 1 0 0 0 0 0 0 0 0 0 0 0 0 0 0 0 0 0 0 0 0 0 0 0 0 0 0 0 0 0 0 0 0 0 0 0 0 0 0 0 0 0 0 0 0 0 0 0 0 0 0 2 2 0 
.
42 1 ; .
0 1 0 2 0 0 0 0 0 0 0 0 5 0 0 0 6 0 0 0 0 0 0 2 0 0 7 0 0 0 0 0 0 0 0 0 0 0 0 0 0 0 0 0 0 0 0 0 0 0 
.
0 1 -10
.
0 65 0
.
1 2 0
.
2 3 0
.
3 4 0
.
4 5 0
.
5 6 2
.
6 7 0
.
7 8 0
.
8 9 -2
.
9 10 0
.
10 11 0
.
11 12 0
.
12 13 0
.
13 14 0
.
14 15 0
.
15 16 0
.
16 17 0
.
17 18 0
.
18 19 0
.
19 20 0
.
20 21 0
.
21 22 0
.
22 23 0
.
23 24 0
.
24 25 0
.
25 26 0
.
26 27 0
.
27 28 0
.
28 29 0
.
29 30 0
.
30 31 0
.
31 32 0
.
32 34 0
.
33 0 2
.
33 38 0
.
34 35 0
.
35 36 0
.
36 37 0
.
37 39 0
.
38 33 0
.
39 40 0
.
40 41 0
.
41 42 0
.
42 43 0
.
43 44 0
.
44 45 8
.
45 46 0
.
46 47 -8
.
47 48 0
.
48 49 0
.
49 50 0
.
50 51 0
.
51 52 8
.
52 53 -8
.
53 54 0
.
54 55 0
.
55 56 0
.
56 57 0
.
57 58 0
.
58 59 0
.
59 60 0
.
60 61 0
.
61 62 0
.
62 63 0
.
63 64 0
.
64 66 8
.
65 33 0
.
66 67 0
.
67 68 2
.
68 69 -10
.
69 0 10
.
.
-1 0 0 0 0 0 0 0 0 0 1 0 0 0 1 0 0 0 0 0 0 0 0 0 0 0 1 0 0 0 0 0 0 0 0 0 0 0 0 0 0 0 0 0 0 0 0 0 0 0 0 0 0 0 0 0 0 0 1 4 3 1 2 2 2 2 2 2 2 2 2 0 0 0 0 2 0 0 0 0 0 0 0 0 0 0 0 0 0 0 0 0 0 0 0 0 0 0 0 1 0 0 0 0 0 0 0 0 0 1 1 0 0 0 0 0 1 1 1 1 1 1 1 1 1 1 1 1 0 0 0 0 0 0 0 0 2 0 0 0 0 0 0 0 0 0 1 0 0 2 0 3 0 0 0 1 1 0 0 0 0 0 0 0 0 0 0 0 2 0 0 0 0 0 0 0 0 0 0 0 4 3 0 2 1 2 2 2 2 2 2 2 2 2 2 2 0 0 0 0 0 1 0 0 0 0 0 0 0 0 0 0 0 0 0 0 0 0 0 0 0 0 0 0 0 0 0 0 0 0 0 0 0 0 0 0 0 0 0 0 0 0 0 0 0 0 0 0 0 0 0 0 2 2 0 
.
27 67 ; .
0 1 0 2 0 0 0 0 0 0 0 0 5 0 0 0 6 0 0 0 0 0 0 2 0 0 7 0 0 0 0 0 0 0 0 0 0 0 0 0 0 0 0 0 0 0 0 0 0 0 
.
0 1 -10
.
0 65 0
.
1 2 0
.
2 3 0
.
3 4 0
.
4 5 0
.
5 6 2
.
6 7 0
.
7 8 0
.
8 9 -2
.
9 10 0
.
10 11 0
.
11 12 0
.
12 13 0
.
13 14 0
.
14 15 0
.
15 16 0
.
16 17 0
.
17 18 0
.
18 19 0
.
19 20 0
.
20 21 0
.
21 22 0
.
22 23 0
.
23 24 0
.
24 25 0
.
25 26 0
.
26 27 0
.
27 28 0
.
28 29 0
.
29 30 0
.
30 31 0
.
31 32 0
.
32 34 0
.
33 0 2
.
33 38 0
.
34 35 0
.
35 36 0
.
36 37 0
.
37 39 0
.
38 33 0
.
39 40 0
.
40 41 0
.
41 42 0
.
42 43 0
.
43 44 0
.
44 45 8
.
45 46 0
.
46 47 -8
.
47 48 0
.
48 49 0
.
49 50 0
.
50 51 0
.
51 52 8
.
52 53 -8
.
53 54 0
.
54 55 0
.
55 56 0
.
56 57 0
.
57 58 0
.
58 59 0
.
59 60 0
.
60 61 0
.
61 62 0
.
62 63 0
.
63 64 0
.
64 66 8
.
65 33 0
.
66 67 2
.
67 68 0
.
68 69 -10
.
69 0 10
.
.
-1 0 0 0 0 0 0 0 0 0 1 0 0 0 1 0 0 0 0 0 0 0 0 0 0 0 1 0 0 0 0 0 0 0 0 0 0 0 0 0 0 0 0 0 0 0 0 0 0 0 0 0 0 0 0 0 0 0 1 4 3 1 2 2 2 2 2 2 2 2 2 0 0 0 0 2 0 0 0 0 0 0 0 0 0 0 0 0 0 0 0 0 0 0 0 0 0 0 0 1 0 0 0 0 0 0 0 0 0 1 1 0 0 0 0 0 1 1 1 1 1 1 1 1 1 1 1 1 0 0 0 0 0 0 0 0 2 0 0 0 0 0 0 0 0 0 1 0 0 2 0 3 0 0 0 1 1 0 0 0 0 0 0 0 0 0 0 0 2 0 0 0 0 0 0 0 0 0 0 0 4 3 0 2 1 2 2 2 2 2 2 2 2 2 2 2 0 0 0 0 0 1 0 0 0 0 0 0 0 0 0 0 0 0 0 0 0 0 0 0 0 0 0 0 0 0 0 0 0 0 0 0 0 0 0 0 0 0 0 0 0 0 0 0 0 0 0 0 0 0 0 0 2 2 0 
.
27 64 ; .
0 1 0 2 0 0 0 0 0 0 0 0 5 0 0 0 6 0 0 0 0 3 0 2 0 0 7 0 0 0 0 0 0 0 0 0 0 0 0 0 0 0 0 0 0 0 0 0 0 0 
.
0 1 -10
.
0 65 0
.
1 2 0
.
2 3 0
.
3 4 0
.
4 5 0
.
5 6 2
.
6 7 0
.
7 8 0
.
8 9 -2
.
9 10 0
.
10 11 0
.
11 12 0
.
12 13 0
.
13 14 0
.
14 15 0
.
15 16 0
.
16 17 0
.
17 18 0
.
18 19 0
.
19 20 0
.
20 21 0
.
21 22 0
.
22 23 0
.
23 24 0
.
24 25 0
.
25 26 0
.
26 27 0
.
27 28 0
.
28 29 0
.
29 30 0
.
30 31 0
.
31 32 0
.
32 34 0
.
33 0 2
.
33 38 0
.
34 35 0
.
35 36 0
.
36 37 0
.
37 39 0
.
38 33 0
.
39 40 0
.
40 41 0
.
41 42 0
.
42 43 0
.
43 44 0
.
44 45 8
.
45 46 0
.
46 47 -8
.
47 48 0
.
48 49 0
.
49 50 0
.
50 51 0
.
51 52 8
.
52 53 -8
.
53 54 0
.
54 55 0
.
55 56 0
.
56 57 0
.
57 58 0
.
58 59 0
.
59 60 0
.
60 61 0
.
61 62 0
.
62 63 0
.
63 64 0
.
64 66 8
.
65 33 0
.
66 67 2
.
67 68 0
.
68 69 -10
.
69 0 10
.
.
-1 0 0 0 0 0 0 0 0 0 1 0 0 0 1 0 0 0 0 0 0 0 0 0 0 0 1 0 0 0 0 0 0 0 0 0 0 0 0 0 0 0 0 0 0 0 0 0 0 0 0 0 0 0 0 0 0 0 1 4 3 1 2 2 2 2 2 2 2 2 2 0 0 0 0 2 0 0 0 0 0 0 0 0 0 0 0 0 0 0 0 0 0 0 0 0 0 0 0 1 0 0 0 0 0 0 0 0 0 1 1 0 0 0 0 0 1 1 1 1 1 1 1 1 1 1 1 1 0 0 0 0 0 0 0 0 2 0 0 0 0 0 0 0 0 0 1 0 0 2 0 3 0 0 0 1 1 0 0 0 0 0 0 0 0 0 0 0 2 0 0 0 0 0 0 0 0 0 0 0 4 3 0 2 1 2 2 2 2 2 2 2 2 2 2 2 0 0 0 0 0 1 0 0 0 0 0 0 0 0 0 0 0 0 0 0 0 0 0 0 0 0 0 0 0 0 0 0 0 0 0 0 0 0 0 0 0 0 0 0 0 0 1 2 3 2 3 2 2 0 0 0 2 2 0 
.
21 0 1 2 3 2 3 2 2 ; .
0 1 0 2 0 0 0 0 0 0 0 0 5 0 0 0 6 0 0 0 0 1 0 2 0 0 7 0 0 0 0 0 0 0 0 0 0 0 0 0 0 0 0 0 0 0 0 0 0 0 
.
0 1 -10
.
0 65 0
.
1 2 0
.
2 3 0
.
3 4 10
.
4 5 -10
.
5 6 2
.
6 7 0
.
7 8 0
.
8 9 -2
.
9 10 0
.
10 11 0
.
11 12 0
.
12 13 0
.
13 14 0
.
14 15 0
.
15 16 0
.
16 17 0
.
17 18 0
.
18 19 0
.
19 20 0
.
20 21 0
.
21 22 0
.
22 23 0
.
23 24 0
.
24 25 0
.
25 26 0
.
26 27 0
.
27 28 0
.
28 29 0
.
29 30 0
.
30 31 0
.
31 32 0
.
32 34 0
.
33 0 2
.
33 38 0
.
34 35 0
.
35 36 0
.
36 37 0
.
37 39 0
.
38 33 0
.
39 40 0
.
40 41 0
.
41 42 0
.
42 43 0
.
43 44 0
.
44 45 8
.
45 46 0
.
46 47 -8
.
47 48 0
.
48 49 0
.
49 50 0
.
50 51 0
.
51 52 8
.
52 53 -8
.
53 54 0
.
54 55 0
.
55 56 0
.
56 57 0
.
57 58 0
.
58 59 0
.
59 60 0
.
60 61 10
.
61 62 -10
.
62 63 0
.
63 64 0
.
64 66 8
.
65 33 0
.
66 67 2
.
67 68 0
.
68 69 -10
.
69 0 10
.
.
-1 0 0 1 0 0 0 0 0 0 1 0 0 0 1 0 0 0 0 0 0 0 0 0 0 0 1 0 0 0 0 0 0 0 0 0 0 0 0 0 0 0 0 0 0 0 0 0 0 0 0 0 0 0 0 0 0 0 1 4 3 1 2 2 2 2 2 2 2 2 2 1 0 0 0 2 0 0 0 0 0 0 0 0 0 0 0 0 0 0 0 0 0 0 0 0 0 0 0 1 0 0 0 0 0 0 0 0 0 1 1 0 0 0 0 0 1 1 1 1 1 1 1 1 1 1 1 1 1 2 3 2 3 0 2 2 2 0 0 0 0 0 0 0 0 0 1 0 0 2 0 3 0 0 0 1 1 0 0 0 0 0 0 0 0 0 0 0 2 0 0 0 0 0 0 0 0 0 0 0 4 3 0 2 1 2 2 2 2 2 2 2 2 2 2 2 0 0 0 0 0 1 0 0 0 0 0 0 0 0 0 0 0 0 0 0 0 0 0 0 0 0 0 0 0 0 0 0 0 0 0 0 0 0 0 0 0 0 0 0 0 0 1 2 3 2 3 2 2 0 0 0 2 2 0 
.
21 1 -1 ; .
.
